4294967279,83
4294967279,91
4294967279,90
4294967279,89
4294967279,87
4294967279,86
4294967279,85
4294967279,84
4294967279,362
4294967278,309
33,0
4294967279,299
4294967278,294
4294967279,161
4294967278,293
4294967279,297
4294967278,554
4294967279,312
4294967279,97
4294967279,96
4294967279,95
4294967279,94
4294967279,93
4294967279,92
4294967278,292
4294967279,296
4294967279,311
4294967278,156
4294967278,307
4294967278,305
4294967279,310
4294967278,306
4294967279,153
4294967279,102
4294967279,101
4294967279,100
4294967279,99
4294967279,98
4294967278,291
4294967279,308
4294967278,304
4294967279,307
4294967278,290
4294967279,295
4294967278,289
4294967278,148
4294967278,288
4294967279,106
4294967279,105
4294967279,104
4294967279,103
4294967279,174
4294967278,303
4294967279,293
4294967278,287
4294967278,302
33,7
33,6
4294967279,305
4294967278,301
4294967279,144
4294967278,300
4294967279,329
4294967279,361
4294967278,521
4294967279,292
4294967279,110
4294967279,109
4294967279,108
4294967279,107
4294967278,299
4294967279,328
4294967278,520
4294967279,116
4294967279,115
4294967279,114
4294967279,113
4294967279,112
4294967279,111
4294967279,291
4294967278,286
4294967279,140
4294967278,139
4294967279,279
4294967278,137
4294967279,278
4294967279,126
4294967279,125
4294967279,124
4294967279,123
4294967279,122
4294967279,121
4294967279,120
4294967279,119
4294967279,118
4294967279,117
4294967278,285
4294967279,277
4294967278,135
4294967279,276
4294967278,272
4294967279,134
4294967278,274
4294967279,303
4294967278,519
4294967279,289
4294967278,6
4294967278,5
4294967278,4
4294967279,132
4294967279,131
4294967279,130
4294967279,129
4294967279,128
4294967279,127
4294967278,273
4294967279,333
4294967278,270
4294967279,332
4294967278,281
4294967279,288
4294967278,518
4294967279,271
4294967278,13
4294967278,12
4294967278,11
4294967278,10
4294967278,9
4294967278,8
4294967278,7
4294967278,267
4294967279,330
4294967278,280
4294967279,287
4294967278,265
4294967278,33
4294967278,32
4294967278,31
4294967278,30
4294967278,29
4294967278,28
4294967278,27
4294967278,26
4294967278,25
4294967278,24
4294967278,23
4294967278,22
4294967278,21
4294967278,20
4294967278,19
4294967278,18
4294967278,17
4294967278,16
4294967278,15
4294967278,14
4294967279,268
4294967279,283
4294967294,1360
4294967279,265
4294967279,301
4294967278,553
4294967279,360
4294967278,552
4294967279,359
4294967279,284
4294967279,282
4294967278,551
4294967279,258
4294967279,358
4294967278,550
4294967278,549
4294967279,357
35,6
4294967278,548
35,5
4294967279,356
35,4
4294967278,547
35,3
35,2
35,1
4294967278,546
4294967279,355
4294967278,545
4294967279,354
4294967278,255
4294967279,353
4294967278,544
4294967279,352
4294967278,254
4294967279,351
4294967278,253
4294967278,543
4294967278,252
4294967278,250
4294967278,248
4294967278,246
4294967278,244
4294967278,240
33,5
4294967278,238
33,4
33,3
33,2
33,1
4294967278,237
4294967294,392
4294967278,236
4294967278,234
4294967278,232
4294967278,230
4294967294,1363
4294967294,1362
4294967278,226
31,4
4294967278,224
31,3
31,2
31,1
4294967278,223
4294967294,1359
4294967294,170
4294967294,1008
4294967294,1096
4294967278,222
4294967278,221
4294967278,219
4294967278,217
4294967278,215
4294967278,542
4294967278,516
4294967279,350
4294967278,211
4294967278,38
4294967278,37
4294967278,36
4294967278,35
4294967278,34
4294967279,349
4294967278,515
4294967278,514
4294967278,174
4294967278,308
4294967278,46
4294967278,45
4294967278,44
4294967278,43
4294967278,42
4294967278,41
4294967278,40
4294967278,39
4294967279,54
4294967279,53
4294967279,51
4294967279,298
4294967279,48
4294967279,46
4294967279,44
4294967279,41
4294967279,40
4294967279,39
4294967279,37
4294967279,36
4294967279,35
4294967279,32
4294967279,30
4294967279,27
4294967279,26
4294967279,25
4294967279,22
4294967279,21
4294967279,20
4294967279,18
4294967279,15
4294967279,13
4294967279,11
4294967279,10
4294967279,9
4294967278,541
4294967278,540
4294967279,348
4294967278,206
4294967278,539
4294967279,347
4294967279,346
4294967294,89
4294967278,538
4294967279,345
4294967278,537
4294967279,344
4294967278,201
4294967294,1361
4294967278,200
4294967278,512
4294967279,343
4294967278,199
4294967278,197
4294967278,194
30,6
4294967278,196
30,5
30,4
4294967278,195
30,3
30,2
30,1
4294967278,536
